7195
6660
6468 
306180
305067
5288
306372
4650
5726
304963
4719
305129
6627
4668
4628
4692
4820
4884
4948
5012
5076
5140
5204
5268
5332
5396
5716
5780
5844
5908
5972
6036
6228
6292
6356
6420
6484
6548
6612
6676
6740
6804
6868
6932
6996
306196
306260
306324
306388
4636
4700
4764
4892
4956
5020
5084
5148
5212
5276
5340
5404
5724
5788
5852
5916
5980
6044
6236
6300
6364
6428
6492
6556
6620
6684
6748
6812
6876
7004
306076
306140
306268
306332
4680
4744
4808
4872
4936
5000
5064
5128
5192
5256
5320
5384
5704
5768
5832
5896
5960
6024
6216
6280
6344
6408
6472
6536
6600
6664
6728
6792
6856
6920
6984